{
 "cells": [
  {
   "cell_type": "markdown",
   "metadata": {},
   "source": [
    "# Import Necessary Packages"
   ]
  },
  {
   "cell_type": "code",
   "execution_count": 7,
   "metadata": {
    "collapsed": false
   },
   "outputs": [],
   "source": [
    "import glob\n",
    "import pandas as pd\n",
    "from sklearn.feature_extraction.text import TfidfVectorizer\n",
    "from sklearn.metrics.pairwise import cosine_similarity"
   ]
  },
  {
   "cell_type": "markdown",
   "metadata": {},
   "source": [
    "# Read in Syracuse University Commencement Speeches from the Document Repot"
   ]
  },
  {
   "cell_type": "code",
   "execution_count": 3,
   "metadata": {
    "collapsed": false
   },
   "outputs": [
    {
     "name": "stdout",
     "output_type": "stream",
     "text": [
      "<_io.TextIOWrapper name='/Users/Ryan/Dropbox/college/7_Semester_V/IST_736/final_project/documents/2004_phylicia_rashad.txt' mode='r' encoding='UTF-8'>\n",
      "<_io.TextIOWrapper name='/Users/Ryan/Dropbox/college/7_Semester_V/IST_736/final_project/documents/2016_donald_newhouse.txt' mode='r' encoding='UTF-8'>\n",
      "<_io.TextIOWrapper name='/Users/Ryan/Dropbox/college/7_Semester_V/IST_736/final_project/documents/2015_mary_karr.txt' mode='r' encoding='UTF-8'>\n",
      "<_io.TextIOWrapper name='/Users/Ryan/Dropbox/college/7_Semester_V/IST_736/final_project/documents/2013_nicholas_kristof.txt' mode='r' encoding='UTF-8'>\n",
      "<_io.TextIOWrapper name='/Users/Ryan/Dropbox/college/7_Semester_V/IST_736/final_project/documents/2011_j_craig_venter.txt' mode='r' encoding='UTF-8'>\n",
      "<_io.TextIOWrapper name='/Users/Ryan/Dropbox/college/7_Semester_V/IST_736/final_project/documents/2005_jane_goodall.txt' mode='r' encoding='UTF-8'>\n",
      "<_io.TextIOWrapper name='/Users/Ryan/Dropbox/college/7_Semester_V/IST_736/final_project/documents/2003_bill_clinton.txt' mode='r' encoding='UTF-8'>\n",
      "<_io.TextIOWrapper name='/Users/Ryan/Dropbox/college/7_Semester_V/IST_736/final_project/documents/2006_billy_joel.txt' mode='r' encoding='UTF-8'>\n",
      "<_io.TextIOWrapper name='/Users/Ryan/Dropbox/college/7_Semester_V/IST_736/final_project/documents/2014_david_remnick.txt' mode='r' encoding='UTF-8'>\n",
      "<_io.TextIOWrapper name='/Users/Ryan/Dropbox/college/7_Semester_V/IST_736/final_project/documents/2002_rudolph_giuliani.txt' mode='r' encoding='UTF-8'>\n",
      "<_io.TextIOWrapper name='/Users/Ryan/Dropbox/college/7_Semester_V/IST_736/final_project/documents/2012_aaron_sorkin.txt' mode='r' encoding='UTF-8'>\n",
      "<_io.TextIOWrapper name='/Users/Ryan/Dropbox/college/7_Semester_V/IST_736/final_project/documents/2010_jamie_dimon.txt' mode='r' encoding='UTF-8'>\n",
      "<_io.TextIOWrapper name='/Users/Ryan/Dropbox/college/7_Semester_V/IST_736/final_project/documents/2007_frank_mccourt.txt' mode='r' encoding='UTF-8'>\n"
     ]
    }
   ],
   "source": [
    "path = '/Users/Ryan/Dropbox/college/7_Semester_V/IST_736/final_project/documents/*.txt'   \n",
    "\n",
    "data = []\n",
    "\n",
    "for f in glob.glob(path):\n",
    "    r = open(f, \"r\", encoding = \"UTF-8\")\n",
    "    print(r)\n",
    "    text = r.read() \n",
    "\n",
    "    data.append(text)"
   ]
  },
  {
   "cell_type": "markdown",
   "metadata": {},
   "source": [
    "# Calculate Document Cosine Similarity"
   ]
  },
  {
   "cell_type": "code",
   "execution_count": 8,
   "metadata": {
    "collapsed": false
   },
   "outputs": [],
   "source": [
    "vectorizer = TfidfVectorizer()\n",
    "tfidf = vectorizer.fit_transform(data)\n",
    "words = vectorizer.get_feature_names()\n",
    "similarity_matrix = cosine_similarity(tfidf)"
   ]
  },
  {
   "cell_type": "code",
   "execution_count": 9,
   "metadata": {
    "collapsed": false
   },
   "outputs": [
    {
     "data": {
      "text/html": [
       "<div>\n",
       "<table border=\"1\" class=\"dataframe\">\n",
       "  <thead>\n",
       "    <tr style=\"text-align: right;\">\n",
       "      <th></th>\n",
       "      <th>0</th>\n",
       "      <th>1</th>\n",
       "      <th>2</th>\n",
       "      <th>3</th>\n",
       "      <th>4</th>\n",
       "      <th>5</th>\n",
       "      <th>6</th>\n",
       "      <th>7</th>\n",
       "      <th>8</th>\n",
       "      <th>9</th>\n",
       "      <th>10</th>\n",
       "      <th>11</th>\n",
       "      <th>12</th>\n",
       "    </tr>\n",
       "  </thead>\n",
       "  <tbody>\n",
       "    <tr>\n",
       "      <th>0</th>\n",
       "      <td>1.000000</td>\n",
       "      <td>0.565308</td>\n",
       "      <td>0.594520</td>\n",
       "      <td>0.562681</td>\n",
       "      <td>0.524732</td>\n",
       "      <td>0.605995</td>\n",
       "      <td>0.581889</td>\n",
       "      <td>0.457880</td>\n",
       "      <td>0.604543</td>\n",
       "      <td>0.564165</td>\n",
       "      <td>0.589296</td>\n",
       "      <td>0.613979</td>\n",
       "      <td>0.380591</td>\n",
       "    </tr>\n",
       "    <tr>\n",
       "      <th>1</th>\n",
       "      <td>0.565308</td>\n",
       "      <td>1.000000</td>\n",
       "      <td>0.760047</td>\n",
       "      <td>0.735249</td>\n",
       "      <td>0.700376</td>\n",
       "      <td>0.742985</td>\n",
       "      <td>0.763223</td>\n",
       "      <td>0.467204</td>\n",
       "      <td>0.763731</td>\n",
       "      <td>0.732466</td>\n",
       "      <td>0.766106</td>\n",
       "      <td>0.748926</td>\n",
       "      <td>0.522532</td>\n",
       "    </tr>\n",
       "    <tr>\n",
       "      <th>2</th>\n",
       "      <td>0.594520</td>\n",
       "      <td>0.760047</td>\n",
       "      <td>1.000000</td>\n",
       "      <td>0.743980</td>\n",
       "      <td>0.697208</td>\n",
       "      <td>0.788840</td>\n",
       "      <td>0.763824</td>\n",
       "      <td>0.558464</td>\n",
       "      <td>0.768324</td>\n",
       "      <td>0.782586</td>\n",
       "      <td>0.793119</td>\n",
       "      <td>0.764298</td>\n",
       "      <td>0.516398</td>\n",
       "    </tr>\n",
       "    <tr>\n",
       "      <th>3</th>\n",
       "      <td>0.562681</td>\n",
       "      <td>0.735249</td>\n",
       "      <td>0.743980</td>\n",
       "      <td>1.000000</td>\n",
       "      <td>0.687701</td>\n",
       "      <td>0.783582</td>\n",
       "      <td>0.747183</td>\n",
       "      <td>0.493209</td>\n",
       "      <td>0.753331</td>\n",
       "      <td>0.760012</td>\n",
       "      <td>0.754109</td>\n",
       "      <td>0.745386</td>\n",
       "      <td>0.519264</td>\n",
       "    </tr>\n",
       "    <tr>\n",
       "      <th>4</th>\n",
       "      <td>0.524732</td>\n",
       "      <td>0.700376</td>\n",
       "      <td>0.697208</td>\n",
       "      <td>0.687701</td>\n",
       "      <td>1.000000</td>\n",
       "      <td>0.737847</td>\n",
       "      <td>0.779874</td>\n",
       "      <td>0.448934</td>\n",
       "      <td>0.778922</td>\n",
       "      <td>0.727649</td>\n",
       "      <td>0.728258</td>\n",
       "      <td>0.728097</td>\n",
       "      <td>0.600915</td>\n",
       "    </tr>\n",
       "    <tr>\n",
       "      <th>5</th>\n",
       "      <td>0.605995</td>\n",
       "      <td>0.742985</td>\n",
       "      <td>0.788840</td>\n",
       "      <td>0.783582</td>\n",
       "      <td>0.737847</td>\n",
       "      <td>1.000000</td>\n",
       "      <td>0.818923</td>\n",
       "      <td>0.531658</td>\n",
       "      <td>0.813114</td>\n",
       "      <td>0.825664</td>\n",
       "      <td>0.810920</td>\n",
       "      <td>0.787688</td>\n",
       "      <td>0.572043</td>\n",
       "    </tr>\n",
       "    <tr>\n",
       "      <th>6</th>\n",
       "      <td>0.581889</td>\n",
       "      <td>0.763223</td>\n",
       "      <td>0.763824</td>\n",
       "      <td>0.747183</td>\n",
       "      <td>0.779874</td>\n",
       "      <td>0.818923</td>\n",
       "      <td>1.000000</td>\n",
       "      <td>0.500075</td>\n",
       "      <td>0.852018</td>\n",
       "      <td>0.811021</td>\n",
       "      <td>0.796368</td>\n",
       "      <td>0.813006</td>\n",
       "      <td>0.641649</td>\n",
       "    </tr>\n",
       "    <tr>\n",
       "      <th>7</th>\n",
       "      <td>0.457880</td>\n",
       "      <td>0.467204</td>\n",
       "      <td>0.558464</td>\n",
       "      <td>0.493209</td>\n",
       "      <td>0.448934</td>\n",
       "      <td>0.531658</td>\n",
       "      <td>0.500075</td>\n",
       "      <td>1.000000</td>\n",
       "      <td>0.503363</td>\n",
       "      <td>0.548231</td>\n",
       "      <td>0.594711</td>\n",
       "      <td>0.588064</td>\n",
       "      <td>0.272600</td>\n",
       "    </tr>\n",
       "    <tr>\n",
       "      <th>8</th>\n",
       "      <td>0.604543</td>\n",
       "      <td>0.763731</td>\n",
       "      <td>0.768324</td>\n",
       "      <td>0.753331</td>\n",
       "      <td>0.778922</td>\n",
       "      <td>0.813114</td>\n",
       "      <td>0.852018</td>\n",
       "      <td>0.503363</td>\n",
       "      <td>1.000000</td>\n",
       "      <td>0.794663</td>\n",
       "      <td>0.794306</td>\n",
       "      <td>0.804527</td>\n",
       "      <td>0.650728</td>\n",
       "    </tr>\n",
       "    <tr>\n",
       "      <th>9</th>\n",
       "      <td>0.564165</td>\n",
       "      <td>0.732466</td>\n",
       "      <td>0.782586</td>\n",
       "      <td>0.760012</td>\n",
       "      <td>0.727649</td>\n",
       "      <td>0.825664</td>\n",
       "      <td>0.811021</td>\n",
       "      <td>0.548231</td>\n",
       "      <td>0.794663</td>\n",
       "      <td>1.000000</td>\n",
       "      <td>0.814784</td>\n",
       "      <td>0.798708</td>\n",
       "      <td>0.560985</td>\n",
       "    </tr>\n",
       "    <tr>\n",
       "      <th>10</th>\n",
       "      <td>0.589296</td>\n",
       "      <td>0.766106</td>\n",
       "      <td>0.793119</td>\n",
       "      <td>0.754109</td>\n",
       "      <td>0.728258</td>\n",
       "      <td>0.810920</td>\n",
       "      <td>0.796368</td>\n",
       "      <td>0.594711</td>\n",
       "      <td>0.794306</td>\n",
       "      <td>0.814784</td>\n",
       "      <td>1.000000</td>\n",
       "      <td>0.801728</td>\n",
       "      <td>0.527227</td>\n",
       "    </tr>\n",
       "    <tr>\n",
       "      <th>11</th>\n",
       "      <td>0.613979</td>\n",
       "      <td>0.748926</td>\n",
       "      <td>0.764298</td>\n",
       "      <td>0.745386</td>\n",
       "      <td>0.728097</td>\n",
       "      <td>0.787688</td>\n",
       "      <td>0.813006</td>\n",
       "      <td>0.588064</td>\n",
       "      <td>0.804527</td>\n",
       "      <td>0.798708</td>\n",
       "      <td>0.801728</td>\n",
       "      <td>1.000000</td>\n",
       "      <td>0.553930</td>\n",
       "    </tr>\n",
       "    <tr>\n",
       "      <th>12</th>\n",
       "      <td>0.380591</td>\n",
       "      <td>0.522532</td>\n",
       "      <td>0.516398</td>\n",
       "      <td>0.519264</td>\n",
       "      <td>0.600915</td>\n",
       "      <td>0.572043</td>\n",
       "      <td>0.641649</td>\n",
       "      <td>0.272600</td>\n",
       "      <td>0.650728</td>\n",
       "      <td>0.560985</td>\n",
       "      <td>0.527227</td>\n",
       "      <td>0.553930</td>\n",
       "      <td>1.000000</td>\n",
       "    </tr>\n",
       "  </tbody>\n",
       "</table>\n",
       "</div>"
      ],
      "text/plain": [
       "          0         1         2         3         4         5         6   \\\n",
       "0   1.000000  0.565308  0.594520  0.562681  0.524732  0.605995  0.581889   \n",
       "1   0.565308  1.000000  0.760047  0.735249  0.700376  0.742985  0.763223   \n",
       "2   0.594520  0.760047  1.000000  0.743980  0.697208  0.788840  0.763824   \n",
       "3   0.562681  0.735249  0.743980  1.000000  0.687701  0.783582  0.747183   \n",
       "4   0.524732  0.700376  0.697208  0.687701  1.000000  0.737847  0.779874   \n",
       "5   0.605995  0.742985  0.788840  0.783582  0.737847  1.000000  0.818923   \n",
       "6   0.581889  0.763223  0.763824  0.747183  0.779874  0.818923  1.000000   \n",
       "7   0.457880  0.467204  0.558464  0.493209  0.448934  0.531658  0.500075   \n",
       "8   0.604543  0.763731  0.768324  0.753331  0.778922  0.813114  0.852018   \n",
       "9   0.564165  0.732466  0.782586  0.760012  0.727649  0.825664  0.811021   \n",
       "10  0.589296  0.766106  0.793119  0.754109  0.728258  0.810920  0.796368   \n",
       "11  0.613979  0.748926  0.764298  0.745386  0.728097  0.787688  0.813006   \n",
       "12  0.380591  0.522532  0.516398  0.519264  0.600915  0.572043  0.641649   \n",
       "\n",
       "          7         8         9         10        11        12  \n",
       "0   0.457880  0.604543  0.564165  0.589296  0.613979  0.380591  \n",
       "1   0.467204  0.763731  0.732466  0.766106  0.748926  0.522532  \n",
       "2   0.558464  0.768324  0.782586  0.793119  0.764298  0.516398  \n",
       "3   0.493209  0.753331  0.760012  0.754109  0.745386  0.519264  \n",
       "4   0.448934  0.778922  0.727649  0.728258  0.728097  0.600915  \n",
       "5   0.531658  0.813114  0.825664  0.810920  0.787688  0.572043  \n",
       "6   0.500075  0.852018  0.811021  0.796368  0.813006  0.641649  \n",
       "7   1.000000  0.503363  0.548231  0.594711  0.588064  0.272600  \n",
       "8   0.503363  1.000000  0.794663  0.794306  0.804527  0.650728  \n",
       "9   0.548231  0.794663  1.000000  0.814784  0.798708  0.560985  \n",
       "10  0.594711  0.794306  0.814784  1.000000  0.801728  0.527227  \n",
       "11  0.588064  0.804527  0.798708  0.801728  1.000000  0.553930  \n",
       "12  0.272600  0.650728  0.560985  0.527227  0.553930  1.000000  "
      ]
     },
     "execution_count": 9,
     "metadata": {},
     "output_type": "execute_result"
    }
   ],
   "source": [
    "pd.DataFrame(similarity_matrix)"
   ]
  },
  {
   "cell_type": "code",
   "execution_count": null,
   "metadata": {
    "collapsed": true
   },
   "outputs": [],
   "source": []
  }
 ],
 "metadata": {
  "anaconda-cloud": {},
  "kernelspec": {
   "display_name": "Python [default]",
   "language": "python",
   "name": "python3"
  },
  "language_info": {
   "codemirror_mode": {
    "name": "ipython",
    "version": 3
   },
   "file_extension": ".py",
   "mimetype": "text/x-python",
   "name": "python",
   "nbconvert_exporter": "python",
   "pygments_lexer": "ipython3",
   "version": "3.5.2"
  }
 },
 "nbformat": 4,
 "nbformat_minor": 2
}
